              precision    recall  f1-score   support

           0       0.00      0.00      0.00       400
           1       0.40      0.31      0.35       400
           2       0.06      0.03      0.04       400
           3       0.10      0.90      0.19       400
           4       0.11      0.01      0.02       400
           5       0.24      0.54      0.34       400
           6       0.19      0.50      0.28       400
           7       0.36      0.71      0.48       400
           8       0.14      0.01      0.02       400
           9       0.27      0.70      0.39       400
           A       0.10      0.12      0.11       400
           B       0.00      0.00      0.00       400
           C       0.61      0.54      0.57       400
           D       0.02      0.01      0.01       400
           E       0.20      0.00      0.00       400
           F       0.28      0.06      0.10       400
           G       0.12      0.00      0.00       400
           H       0.00      0.00      0.00       400
           I       0.25      0.72      0.37       400
           J       0.44      0.61      0.51       400
           K       0.19      0.03      0.05       400
           L       0.12      0.07      0.09       400
           M       0.43      0.84      0.57       400
           N       0.06      0.04      0.05       400
           O       0.10      0.03      0.04       400
           P       0.13      0.09      0.10       400
           Q       0.00      0.00      0.00       400
           R       0.00      0.00      0.00       400
           S       0.05      0.03      0.04       400
           T       0.39      0.92      0.55       400
           U       0.19      0.20      0.20       400
           V       0.51      0.28      0.36       400
           W       0.24      0.97      0.39       400
           X       0.35      0.03      0.05       400
           Y       0.55      0.09      0.15       400
           Z       0.67      0.01      0.03       400
           a       0.33      0.03      0.06       400
           b       0.20      0.55      0.30       400
           d       0.61      0.35      0.45       400
           e       0.00      0.00      0.00       400
           f       0.50      0.01      0.01       400
           g       0.00      0.00      0.00       400
           h       0.40      0.23      0.29       400
           n       0.23      0.08      0.12       400
           q       0.13      0.06      0.08       400
           r       0.28      0.73      0.41       400
           t       0.50      0.02      0.04       400

    accuracy                           0.24     18800
   macro avg       0.24      0.24      0.17     18800
weighted avg       0.24      0.24      0.17     18800
