              precision    recall  f1-score   support

           0       0.66      0.77      0.71       400
           1       0.46      0.88      0.61       400
           2       0.95      0.88      0.91       400
           3       0.99      0.99      0.99       400
           4       0.93      0.95      0.94       400
           5       0.93      0.92      0.92       400
           6       0.94      0.95      0.94       400
           7       0.98      0.99      0.99       400
           8       0.93      0.98      0.95       400
           9       0.60      0.94      0.73       400
           A       0.96      0.99      0.98       400
           B       0.97      0.98      0.97       400
           C       0.98      0.95      0.97       400
           D       0.93      0.94      0.93       400
           E       0.99      0.98      0.98       400
           F       0.75      0.44      0.55       400
           G       0.94      0.96      0.95       400
           H       0.96      0.98      0.97       400
           I       0.73      0.59      0.65       400
           J       0.97      0.94      0.95       400
           K       1.00      0.99      0.99       400
           L       0.86      0.25      0.39       400
           M       0.96      0.99      0.97       400
           N       0.94      0.98      0.96       400
           O       0.75      0.61      0.68       400
           P       0.98      0.97      0.97       400
           Q       0.92      0.97      0.94       400
           R       0.95      1.00      0.98       400
           S       0.92      0.92      0.92       400
           T       0.93      0.94      0.94       400
           U       0.94      0.94      0.94       400
           V       0.95      0.94      0.94       400
           W       0.98      0.99      0.99       400
           X       0.99      0.98      0.99       400
           Y       0.96      0.92      0.94       400
           Z       0.89      0.96      0.92       400
           a       0.93      0.91      0.92       400
           b       0.95      0.93      0.94       400
           d       0.97      0.98      0.97       400
           e       0.98      0.99      0.98       400
           f       0.59      0.80      0.68       400
           g       0.86      0.57      0.69       400
           h       0.95      0.95      0.95       400
           n       0.97      0.91      0.94       400
           q       0.72      0.47      0.57       400
           r       0.94      0.94      0.94       400
           t       0.91      0.93      0.92       400

    accuracy                           0.89     18800
   macro avg       0.90      0.89      0.88     18800
weighted avg       0.90      0.89      0.88     18800
