              precision    recall  f1-score   support

           0       0.58      0.89      0.71       400
           1       0.45      0.92      0.61       400
           2       0.93      0.88      0.91       400
           3       0.99      0.99      0.99       400
           4       0.92      0.95      0.93       400
           5       0.92      0.92      0.92       400
           6       0.94      0.96      0.95       400
           7       0.98      0.99      0.99       400
           8       0.92      0.98      0.95       400
           9       0.58      0.94      0.72       400
           A       0.97      0.98      0.98       400
           B       0.95      0.98      0.97       400
           C       0.97      0.96      0.96       400
           D       0.94      0.92      0.93       400
           E       0.99      0.99      0.99       400
           F       0.76      0.47      0.58       400
           G       0.94      0.94      0.94       400
           H       0.96      0.99      0.98       400
           I       0.74      0.52      0.61       400
           J       0.96      0.93      0.95       400
           K       0.99      0.97      0.98       400
           L       0.89      0.25      0.39       400
           M       0.95      0.99      0.97       400
           N       0.94      0.98      0.96       400
           O       0.82      0.42      0.55       400
           P       0.98      0.97      0.98       400
           Q       0.90      0.97      0.93       400
           R       0.94      0.99      0.97       400
           S       0.92      0.92      0.92       400
           T       0.93      0.94      0.93       400
           U       0.94      0.94      0.94       400
           V       0.94      0.94      0.94       400
           W       0.98      0.99      0.99       400
           X       0.99      0.97      0.98       400
           Y       0.97      0.89      0.93       400
           Z       0.89      0.95      0.92       400
           a       0.91      0.91      0.91       400
           b       0.95      0.92      0.94       400
           d       0.97      0.98      0.98       400
           e       0.98      0.98      0.98       400
           f       0.60      0.80      0.68       400
           g       0.89      0.52      0.66       400
           h       0.94      0.96      0.95       400
           n       0.98      0.89      0.93       400
           q       0.71      0.43      0.53       400
           r       0.94      0.94      0.94       400
           t       0.90      0.93      0.92       400

    accuracy                           0.88     18800
   macro avg       0.90      0.88      0.88     18800
weighted avg       0.90      0.88      0.88     18800
